image_1515229323784.ir,4,227,234,497,230,270
image_1515235832391.ir,154,89,302,240,148,151
image_1515208991161.ir,76,369,309,576,233,207
image_1515207265358.ir,44,261,340,546,296,285
image_1521802748625.ir,65,328,246,512,181,184
image_1515387191011.ir,203,331,332,463,129,132
image_1515209818321.ir,144,301,287,450,143,149
image_1515224655033.ir,152,293,411,548,259,255
image_1515220194313.ir,88,356,261,558,173,202
image_1515222592496.ir,9,325,178,513,169,188
image_1515228737948.ir,136,359,256,491,120,132
image_1515211525065.ir,44,351,203,513,159,162
image_1515242501062.ir,132,399,317,609,185,210
image_1515226722854.ir,70,323,286,551,216,228
image_1515226607578.ir,111,310,287,501,176,191
image_1515230020978.ir,298,417,429,522,131,105
image_1521787629112.ir,162,283,381,520,219,237
image_1515222299605.ir,136,287,332,523,196,236
image_1515237997398.ir,121,179,378,488,257,309
image_1515222135343.ir,13,370,250,638,237,268
image_1515219957994.ir,73,276,269,507,196,231
image_1521807899804.ir,238,311,413,503,175,192
image_1515232764347.ir,47,0,377,331,330,331
image_1521811235548.ir,168,220,331,382,163,162
image_1515230956621.ir,93,323,241,469,148,146
image_1515231411034.ir,200,305,452,592,252,287
image_1515213762164.ir,190,266,414,520,224,254
image_1515211972157.ir,62,165,359,456,297,291
image_1515242115804.ir,158,122,328,300,170,178
image_1521807274897.ir,216,307,393,502,177,195
image_1515226798182.ir,23,262,245,529,222,267
image_1515226691618.ir,155,317,330,515,175,198
image_1515214463046.ir,128,454,315,638,187,184
image_1515230282193.ir,179,318,432,638,253,320
image_1515221518476.ir,63,239,318,514,255,275
image_1515220873385.ir,186,284,311,418,125,134
image_1521811574352.ir,118,302,331,526,213,224
image_1515227394443.ir,244,326,435,542,191,216
image_1521809431972.ir,203,198,412,432,209,234
image_1521811856035.ir,2,406,218,584,216,178
image_1515228903161.ir,10,165,283,442,273,277
image_1521806216305.ir,166,166,428,430,262,264
image_1521802349538.ir,97,220,400,534,303,314
image_1515236310921.ir,36,227,327,518,291,291
image_1515241800637.ir,131,284,309,465,178,181
