# 1
image_1515229323784.ir
3 640 480 1
0
1
1 4 227 234 497
# 2
image_1515235832391.ir
3 640 480 1
0
1
1 154 89 302 240
# 3
image_1515208991161.ir
3 640 480 1
0
1
1 76 369 309 576
# 4
image_1515207265358.ir
3 640 480 1
0
1
1 44 261 340 546
# 5
image_1521802748625.ir
3 640 480 1
0
1
1 65 328 246 512
# 6
image_1515387191011.ir
3 640 480 1
0
1
1 203 331 332 463
# 7
image_1515209818321.ir
3 640 480 1
0
1
1 144 301 287 450
# 8
image_1515224655033.ir
3 640 480 1
0
1
1 152 293 411 548
# 9
image_1515220194313.ir
3 640 480 1
0
1
1 88 356 261 558
# 10
image_1515222592496.ir
3 640 480 1
0
1
1 9 325 178 513
# 11
image_1515228737948.ir
3 640 480 1
0
1
1 136 359 256 491
# 12
image_1515211525065.ir
3 640 480 1
0
1
1 44 351 203 513
# 13
image_1515242501062.ir
3 640 480 1
0
1
1 132 399 317 609
# 14
image_1515226722854.ir
3 640 480 1
0
1
1 70 323 286 551
# 15
image_1515226607578.ir
3 640 480 1
0
1
1 111 310 287 501
# 16
image_1515230020978.ir
3 640 480 1
0
1
1 298 417 429 522
# 17
image_1521787629112.ir
3 640 480 1
0
1
1 162 283 381 520
# 18
image_1515222299605.ir
3 640 480 1
0
1
1 136 287 332 523
# 19
image_1515237997398.ir
3 640 480 1
0
1
1 121 179 378 488
# 20
image_1515222135343.ir
3 640 480 1
0
1
1 13 370 250 638
# 21
image_1515219957994.ir
3 640 480 1
0
1
1 73 276 269 507
# 22
image_1521807899804.ir
3 640 480 1
0
1
1 238 311 413 503
# 23
image_1515232764347.ir
3 640 480 1
0
1
1 47 0 377 331
# 24
image_1521811235548.ir
3 640 480 1
0
1
1 168 220 331 382
# 25
image_1515230956621.ir
3 640 480 1
0
1
1 93 323 241 469
# 26
image_1515231411034.ir
3 640 480 1
0
1
1 200 305 452 592
# 27
image_1515213762164.ir
3 640 480 1
0
1
1 190 266 414 520
# 28
image_1515211972157.ir
3 640 480 1
0
1
1 62 165 359 456
# 29
image_1515242115804.ir
3 640 480 1
0
1
1 158 122 328 300
# 30
image_1521807274897.ir
3 640 480 1
0
1
1 216 307 393 502
# 31
image_1515226798182.ir
3 640 480 1
0
1
1 23 262 245 529
# 32
image_1515226691618.ir
3 640 480 1
0
1
1 155 317 330 515
# 33
image_1515214463046.ir
3 640 480 1
0
1
1 128 454 315 638
# 34
image_1515230282193.ir
3 640 480 1
0
1
1 179 318 432 638
# 35
image_1515221518476.ir
3 640 480 1
0
1
1 63 239 318 514
# 36
image_1515220873385.ir
3 640 480 1
0
1
1 186 284 311 418
# 37
image_1521811574352.ir
3 640 480 1
0
1
1 118 302 331 526
# 38
image_1515227394443.ir
3 640 480 1
0
1
1 244 326 435 542
# 39
image_1521809431972.ir
3 640 480 1
0
1
1 203 198 412 432
# 40
image_1521811856035.ir
3 640 480 1
0
1
1 2 406 218 584
# 41
image_1515228903161.ir
3 640 480 1
0
1
1 10 165 283 442
# 42
image_1521806216305.ir
3 640 480 1
0
1
1 166 166 428 430
# 43
image_1521802349538.ir
3 640 480 1
0
1
1 97 220 400 534
# 44
image_1515236310921.ir
3 640 480 1
0
1
1 36 227 327 518
# 45
image_1515241800637.ir
3 640 480 1
0
1
1 131 284 309 465
